image_width: 640
image_height: 480
camera_name: camera
camera_matrix:
  rows: 3
  cols: 3
  data: [624.2297640153905, 0, 330.2887201828348, 0, 619.2922223440149, 241.7477120574307, 0, 0, 1]
distortion_model: plumb_bob
distortion_coefficients:
  rows: 1
  cols: 5
  data: [0.09490839865407467, -0.1194686017172784, 0.002685986666910813, 0.00431345455516193, 0]
rectification_matrix:
  rows: 3
  cols: 3
  data: [1, 0, 0, 0, 1, 0, 0, 0, 1]
projection_matrix:
  rows: 3
  cols: 4
  data: [635.8995971679688, 0, 332.177778868896, 0, 0, 632.1491088867188, 242.340022029297, 0, 0, 0, 1, 0]